
state={
	id=318
	name="STATE_318"
	resources={
		aluminium=0.000
		rubber=0.000
		steel=0.000
	}

	history={
		victory_points = {
			12817 3 
		}
		buildings = {
			infrastructure = 3
			industrial_complex = 1
			arms_factory = 0
			air_base = 0

		}
		add_core_of = OYO

	}

	provinces={
		1042 1085 1222 1242 1269 1283 1286 1301 1310 1329 1358 1361 1370 1389 1546 1602 1617 1629 2129 4226 4252 4289 4292 4304 4317 4329 4332 4346 4352 4378 4393 4418 4421 4468 4509 4524 4552 4579 4593 4635 5135 7251 7269 7305 7324 7333 7339 7349 7352 7362 7365 7378 7409 7412 7437 7487 7512 7529 7542 7570 7585 7614 7627 8235 8250 10147 10166 10206 10231 10234 10248 10251 10260 10291 10319 10369 10396 10423 10436 10505 10954 10974 10990 11004 11018 12107 12123 12135 12154 12193 12222 12237 12240 12265 12315 12371 12386 12400 12428 12457 12484 12931 12995 
	}
	manpower=304800
	buildings_max_level_factor=1.000
	state_category=rural
}
