
state={
	id=378
	name="STATE_378"
	resources={
		steel=56.000
	}

	history={
		owner = WAS
		victory_points = {
			502 3 
		}
		buildings = {
			infrastructure = 2
			industrial_complex = 1
			arms_factory = 0
			air_base = 0

		}
		add_claim_by = RUS

	}

	provinces={
		433 437 449 473 484 487 500 502 509 510 518 523 533 544 547 570 578 579 3431 3469 3478 3479 3489 3491 3504 3505 3518 3519 3527 3539 3540 3566 3567 3582 6428 6432 6454 6494 6505 6519 6528 6544 6553 6554 6563 6566 6587 6591 9424 9430 9436 9446 9461 9464 9476 9488 9502 9504 9516 9529 9531 9540 9564 9565 11408 11412 11418 11423 11434 11450 11451 11459 11475 11476 11485 11487 11501 11512 11513 11527 11541 11551 11555 
	}
	manpower=1822148
	buildings_max_level_factor=1.000
	state_category=rural
}
