
state={
	id=383
	name="STATE_383"
	resources={
		chromium=24.000
		steel=75.000
	}

	history={
		owner = RUS
		victory_points = {
			9162 3 
		}
		buildings = {
			infrastructure = 2
			industrial_complex = 1
			arms_factory = 0
			air_base = 0

		}
		add_core_of = RUS

	}

	provinces={
		15 36 40 74 80 86 90 92 94 98 116 134 142 155 157 170 176 178 2994 2998 3008 3012 3033 3067 3071 3084 3121 3134 3144 3170 3189 6012 6021 6029 6052 6057 6070 6094 6096 6098 6106 6117 6140 6153 6157 6172 6181 6183 6194 9039 9059 9074 9078 9115 9118 9119 9123 9140 9162 9165 9176 9179 9195 9198 9201 9203 9215 9217 9231 11031 11045 11054 11088 11092 11096 11117 11128 11140 11142 11146 11150 11153 11156 11159 11175 11181 11183 11196 13130 
	}
	manpower=161200
	buildings_max_level_factor=1.000
	state_category=rural
}
