
state={
	id=384
	name="STATE_384"

	history={
		owner = RUS
		victory_points = {
			99 3 
		}
		buildings = {
			infrastructure = 2
			industrial_complex = 1
			arms_factory = 0
			air_base = 0

		}
		add_core_of = RUS

	}

	provinces={
		6 23 45 84 99 106 108 119 135 143 174 186 196 346 357 1307 3000 3041 3056 3079 3087 3091 3099 3102 3112 3135 3164 3166 3177 3186 3240 3347 6077 6088 6091 6100 6110 6112 6113 6119 6121 6133 6135 6158 6171 6180 6190 6193 6199 6202 6213 6215 6247 6269 6358 9033 9043 9110 9113 9114 9124 9133 9136 9145 9146 9155 9159 9192 9200 9202 9210 9213 9222 9232 9257 9267 10200 11025 11027 11035 11051 11074 11075 11086 11095 11110 11133 11134 11143 11179 11180 11192 11193 11203 11239 11252 11338 
	}
	manpower=1096044
	buildings_max_level_factor=1.000
	state_category=town
}
