
state={
	id=391
	name="STATE_391"
	resources={
		aluminium=11.000
		steel=54.000
	}

	history={
		owner = RUS
		victory_points = {
			11375 10 
		}
		buildings = {
			infrastructure = 2
			industrial_complex = 1
			arms_factory = 1
			air_base = 0

		}
		add_core_of = RUS

	}

	provinces={
		12 73 112 175 228 256 260 270 282 286 297 325 345 368 372 392 404 3004 3017 3066 3103 3146 3167 3197 3224 3245 3251 3261 3269 3276 3282 3285 3303 3315 3334 3349 3352 3361 3365 3383 3394 6089 6149 6191 6224 6231 6253 6294 6295 6299 6302 6307 6312 6327 6337 6338 6357 6370 6372 6374 6383 6392 6403 6410 9050 9065 9172 9180 9214 9244 9259 9270 9280 9291 9298 9305 9307 9325 9336 9338 9354 9358 9360 9368 9373 9381 9389 9390 9402 9407 11149 11158 11243 11255 11263 11275 11277 11286 11292 11324 11340 11344 11354 11356 11373 11375 11387 11394 
	}
	manpower=3606936
	buildings_max_level_factor=1.000
	state_category=town
}
