
state={
	id=392
	name="STATE_392"
	resources={
		chromium=10.000
	}

	history={
		owner = RUS
		victory_points = {
			6539 3 
		}
		buildings = {
			infrastructure = 2
			industrial_complex = 1
			arms_factory = 0
			air_base = 0

		}
		add_core_of = RUS

	}

	provinces={
		208 232 257 275 286 297 313 324 326 340 345 353 367 376 380 392 396 433 471 483 578 3196 3197 3221 3246 3266 3269 3276 3285 3304 3316 3317 3332 3334 3343 3360 3371 3372 3389 3426 3465 3477 3578 6226 6248 6275 6291 6294 6302 6312 6317 6328 6329 6337 6341 6343 6353 6357 6366 6369 6374 6382 6391 6394 6398 6409 6450 6492 9244 9245 9258 9276 9286 9312 9324 9326 9338 9339 9344 9352 9367 9380 9394 9407 9409 9422 9460 9564 11227 11240 11262 11269 11296 11308 11309 11323 11324 11335 11351 11364 11373 11381 11393 11394 11408 11436 11449 11551 
	}
	manpower=2868444
	buildings_max_level_factor=1.000
	state_category=town
}
