
state = {
	id = 394
	name = "STATE_394"
	resources = {
		oil = 12.000
		steel = 146.000
		tungsten = 34.000
	}

	history = {
		owner = SOV
		victory_points = {
			7401 3 
		}
		buildings = {
			infrastructure = 2
			industrial_complex = 1
			arms_factory = 0
			air_base = 0

		}
		add_core_of = SOV

	}

	provinces = {
		227 273 298 338 339 365 393 410 452 468 470 497 499 545 566 1210 1258 1278 1305 1334 1350 1378 1406 3216 3265 3289 3330 3357 3385 3404 3406 3467 3486 3490 3515 3538 3551 4215 4261 4265 4283 4311 4324 4354 4383 4411 6339 6379 6404 6424 6430 6473 6479 6491 6502 6515 6525 6551 6564 6574 6588 6601 7237 7281 7300 7328 7343 7373 7401 9243 9271 9299 9337 9349 9365 9391 9420 9432 9445 9447 9473 9487 9513 9538 9549 9577 10136 10142 10185 10224 10226 10256 10299 10329 11223 11225 11256 11281 11321 11348 11377 11421 11433 11457 11458 11460 11472 11473 11482 11523 11524 11537 11538 12117 12128 12130 12172 12200 12242 12270 12298 
	}
	manpower = 2429200
	buildings_max_level_factor = 1.000
	state_category = town
}
