
state={
	id=395
	name="STATE_395"

	history={
		owner = RUS
		victory_points = {
			3475 3 
		}
		buildings = {
			infrastructure = 2
			industrial_complex = 1
			arms_factory = 0
			air_base = 0

		}
		add_core_of = RUS

	}

	provinces={
		481 498 520 618 683 700 712 728 731 742 745 748 757 759 3413 3435 3439 3461 3475 3487 3503 3517 3529 3555 3597 3726 3746 3748 3774 3777 6463 6486 6506 6516 6539 6541 6575 6602 6620 6701 6702 6730 6748 6750 6753 6758 6760 6765 6791 6794 9426 9440 9442 9455 9475 9530 9581 9592 9594 9688 9705 9707 9720 9722 9726 9735 9739 9742 9753 11395 11416 11429 11447 11474 11484 11566 11579 11632 11661 11678 11690 11693 11694 11696 11706 11724 11727 11736 
	}
	manpower=1366196
	buildings_max_level_factor=1.000
	state_category=rural
}
