1 4 6282 3207 11444 6521 
1 5 11666 9527 11525 9569 11542 
1 6 9907 910 9750 6862 11751 9904 
1 9 9907 1616 6985 6606 11734 3776 603 3604 11584 
1 4 603 6631 6675 9630 
1 3 9630 11618 673 
1 5 673 9636 11638 9666 708 
1 4 708 6540 561 11544 
1 5 11544 9416 11404 9441 3535 
1 5 3535 11545 6441 9428 6521 
1 5 9904 11846 923 9826 819 
1 4 6788 3773 11726 3780 
1 6 6583 11407 6537 11519 13068 516 
1 4 564 6513 3561 6524 
1 7 564 11533 9443 3398 9482 6570 587 
1 8 6488 3397 11445 3500 6524 538 6501 3535 
1 4 516 3576 6446 575 
1 2 516 6598 
1 6 6583 9559 11516 11642 6698 9642 
1 10 3780 776 3782 6780 9745 778 9603 6666 3646 9642 
1 2 9907 6946 
1 6 6558 17 11515 548 11492 3544 
1 7 3535 11481 514 9535 6595 552 9570 
1 6 9427 13205 6464 9457 6512 9570 
1 5 9427 11430 3497 562 3458 
1 5 9570 6462 11558 9439 11515 
1 13 6698 698 678 11640 6712 6542 3530 6568 589 6488 9486 529 6570 
1 4 587 9522 11562 11519 
1 6 6488 11560 11547 11531 11502 9559 
1 8 9559 5291 3546 13011 11549 11518 11506 9523 
1 4 9523 9507 512 3493 
1 9 3493 11631 669 11869 625 3598 595 11565 9737 
1 6 9737 6777 9710 743 6756 740 
1 8 740 11688 9703 6749 11707 13218 3744 11843 
1 5 11843 729 11692 6955 758 
1 11 11843 3727 3918 4024 6936 9870 13226 884 3902 3735 6756 
1 4 3559 6484 11466 3392 
1 4 3544 6511 3458 3559 
1 7 3392 11247 347 13206 3393 9274 3320 
1 10 3320 11391 406 3267 6220 9241 11241 11220 11290 306 
1 10 306 3362 6387 9272 11254 335 401 9302 11282 6380 
1 4 525 3543 550 11514 
1 7 11514 3570 3511 6509 3483 491 11479 
1 5 11479 536 6580 11399 3559 
1 5 11542 6440 11432 6559 514 
1 14 1048 7183 1178 875 3871 6896 9778 13229 858 3938 3794 3820 9827 6936 
1 4 3501 13070 11333 6103 
1 4 6103 9239 6221 3369 
1 6 6221 6270 9297 11345 6318 6384 
1 9 11666 9661 9648 9646 596 9596 9627 599 6626 
1 3 3780 773 3776 
1 3 12810 8089 10730 
1 6 8089 1965 2011 2008 5052 12873 
1 16 9833 922 11842 9888 6814 6952 6982 3908 949 965 9771 9756 9602 6634 11583 11586 
1 4 11282 3358 11250 6245 
1 9 6245 333 3176 3101 187 110 11191 6154 71 
1 5 71 3072 11068 149 3151 
1 11 6380 301 11362 6316 9311 3370 3268 6392 6295 9389 11375 
1 4 12187 4874 10216 10716 
1 6 11202 11097 95 3089 11109 71 
1 7 1377 5086 10794 2086 12868 2002 10772 
1 4 12756 1982 10922 10837 
1 5 10837 7969 4553 12793 1896 
1 4 1896 4755 6997 12320 
1 6 12756 2065 5050 829 12855 2097 
1 7 9833 11829 11811 890 9806 11784 11747 
1 3 12473 806 11746 
1 7 11746 6956 921 3807 11844 804 11747 
1 4 1634 1606 7671 12473 
1 5 12376 652 11853 9954 9868 
1 5 2097 3795 12372 901 1634 
1 3 12376 3564 12320 
1 3 1599 12380 12320 
1 3 9843 11761 10068 
1 6 10068 4137 11944 11980 7189 1069 
1 10 1069 4037 12015 9956 12055 1121 1161 1001 4148 11913 
1 6 6380 6283 11236 9345 11205 121 
1 7 121 11166 9188 6143 11213 9131 3175 
1 9 3992 4083 7172 7199 1053 11945 1120 12095 1047 
1 8 9868 6919 6950 3935 933 11897 11839 804 
