1 71 
1 121 
1 291 
1 306 
1 391 
1 514 
1 516 
1 525 
1 564 
1 587 
1 692 
1 705 
1 1182 
1 1377 
1 1634 
1 3151 
1 3320 
1 3392 
1 3522 
1 3529 
1 3544 
1 3546 
1 3578 
1 3780 
1 3871 
1 3938 
1 4619 
1 6050 
1 6115 
1 6245 
1 6287 
1 6338 
1 6380 
1 6488 
1 6521 
1 6558 
1 6583 
1 6766 
1 6788 
1 6936 
1 7072 
1 7125 
1 9347 
1 9427 
1 9497 
1 9523 
1 9630 
1 9642 
1 9644 
1 9660 
1 9753 
1 9833 
1 9843 
1 9868 
1 9904 
1 11225 
1 11349 
1 11375 
1 11437 
1 11479 
1 11542 
1 11544 
1 11584 
1 11586 
1 11639 
1 11666 
1 11805 
1 11913 
1 12756 
1 13239 
1 11241